6829475628947
85612345
8562874589
483920203856483920
8262840504847
83762
7473926392
757484847363
74748393
838262538506
16374277292
8826274736251
2171733847392
227273849954
2261789492761893
217784937172
336272494836272
748493826284040
6638394736383
33573622
583725274377829211
212121484836261
762525367389393
227274748489393
3774883929
94836272
748484040
6638394736383
373622893
583725274377829211
212121484836261
762525367393
227274748489393
48393
838262538506
16374277292
8826274736251
2171733847392
227273849954
2261789492
203856483920
8262840504847
83762
7473926392
757484847363
74748393
5672521416484
43322
66242637485
666
