2684397799986846
2929551354810989996545166253901
4383843978039452940627433013089561308251
46804422414555943244483344270533
679688461084073471624889
7566577728318526479664145739836581
33026235505104566799
31733935431756397954539492429010
900021028358869158946210
4769432420468835
3242015028894294
613704269428628165546309629638401053728942492051
7054677540301884657572231665595
773137726127323359817244
76346447211812635341800196204169
55269271
91441630194335437373912
5245680752275806
488910283249830884597913
897489295302737828693653
7091905150964436627818
79287373648523171360652781162010
6471976783465032
192342764044087248857191
3660440312971190
87984866132030274375134558750419189093
123073518121246
646772778930095863827352
2890144035200479381329911416585
4532598790086177387603672628103799737678
243673453110955
19228757
9574129681553478483152645493182
926010854335188143116167510972056200006941720537
2921182660375002
63411332720675045601464882272192
917720886697626
47630897639084259848459686309300
704008995313800142995415
8568780513380097
585555151278569
73002120141030666910223394561781
3749
477130043477458677415067982896933321
31411553823321384018515341689209
338258406155659891517031901968917245698
74109469785028051250937631330
145
345456039004311730785836
449540342841435789018159724269
52211407836630653901531292555368
57359934980140784108122907543614244919
40745836518249204145142166559496026959356942797
6764913295127848669558305731131724827325
64411785787186731537756189302587
829043797966197844140600
97497857544688953267698938734851
317116435174982199477593
9590978431961582
71046906805283105469273125145264405421
