3236307
57217648
85223715
37141506
37124338
29761044
71939487
93568043
27955756
44047096
34730386
49764291
17320811
11998131
35737515
50069116
96647609
86736918
60773425
50212166
12016063
45712665
71461389
26867030
21269866
85001208
62854931
42654336
92911200
55816607
24984489
46939322
45857432
62215108
68654497
1974618
26422888
12659462
67700421
48160569
11593179
2388657
74714942
40700502
88694953
34296935
94609774
55818633
16731812
58908351
72623421
37093215
47171128
68143792
2550434
20130620
25210342
38961972
53175585
13896445
97767844
26700211
59512207
18999047
32766228
60964328
54792608
95744818
69254270
55072007
53337242
19538089
86959119
47376364
53740060
6827140
6899127
37625691
36555831
23215584
54639797
71282615
41432849
54119754
98078912
60950130
56526701
22270214
46860123
91722421
16134104
56034626
5015139
28870436
84856861
91876606
75109753
19036389
46616489
89111708